022222222222222222222222222222222222222
202121212121212121212121212121212121212
220221221221221221221221221221221221221
212021212121212121212121212121212121212
222202222122221222212222122221222212222
211120211121211121211121211121211121211
222222022222212222221222222122222212222
212121202121212121212121212121212121212
221221220221221221221221221221221221221
212111212021211121212121112121212111212
222222222202222222222122222222221222222
211121211120211121211121211121211121211
222222222222022222222222212222222222221
212121112121202121211121212121212111212
221211221121220221211221121221221211221
212121212121212021212121212121212121212
222222222222222202222222222222222122222
211121211121211120211121211121211121211
222222222222222222022222222222222222212
212111212121211121202121112121212111212
221221121221211221220221221121221211221
212121212111212121212021212121211121212
222222222222222222222202222222222222222
211121211121211121211120211121211121211
222212222122221222212222022221222212222
212121212121112121212121202121212121211
221221221221221221221221220221221221221
212121112121212121211121212021212111212
222222222222222222222222222202222222222
211111211121211121211121111120211111211
222222222222222222222222222222022222222
212121212121212121212121212121202121212
221221221211221221221121221221220221221
212121212121212111212121212121212021212
222212122122211222211222122121222202222
211121211121211121211121211121211120211
222222222222222222222222222222222222022
212121212121212121112121212121212121202
221221221221121221221221211221221221220
